37 58
[NODES]
2 5679.61 9538.83 0
3 4862.46 9538.83 0
4 2750.81 9474.11 0
5 1852.75 8357.61 0
6 1974.11 6076.05 0
7 1974.11 5149.68 1
8 4235.44 5076.86 0
9 6411.81 5093.04 0
10 5412.62 7888.35 0
11 4510.52 8264.56 0
12 3033.98 9243.53 0
13 2301.78 8078.48 0
14 2944.98 7669.9 0
15 3786.41 7139.97 0
16 4830.1 6480.58 0
17 7099.51 8438.51 0
18 5505.66 8450.65 0
19 3563.92 8839.0 0
20 3167.48 7532.36 0
21 2730.58 7285.6 0
22 3511.33 6666.67 0
23 4097.9 6286.41 0
24 3337.38 5121.36 0
25 4530.74 6011.33 0
26 4215.21 7783.17 0
27 5194.17 7055.02 0
28 5218.45 5089.0 0
29 5622.98 5999.19 0
30 5950.65 5796.93 0
31 6614.08 7621.36 0
32 5380.26 7544.5 0
33 6318.77 7281.55 0
34 6549.35 7212.78 0
35 6585.76 6092.23 0
36 7152.1 6104.37 0
1 7111.65 7532.36 0
37 7669.9 7783.17 1
[EDGES]
1 17 43.8 
17 2 19.0 
2 3 17.0 
3 4 19.0 
4 5 29.0 
5 6 19.0 
6 7 19.0 
7 24 17.0 
24 8 17.0 
8 28 17.0 
28 9 21.4 
9 36 33.6 
36 1 54.4 
1 31 205.6 
31 10 187.0 
10 11 148.2 
11 19 91.0 
19 12 76.6 
12 4 41.8 
2 18 43.8 
18 10 74.6 
10 32 103.2 
32 27 91.0 
27 16 76.6 
16 25 64.4 
25 8 35.6 
3 11 41.8 
11 26 105.2 
26 15 91.0 
15 22 62.4 
22 7 27.0 
5 13 19.0 
13 14 19.0 
14 20 41.8 
20 15 54.4 
15 16 19.0 
16 29 17.0 
29 30 17.0 
30 9 17.0 
17 18 17.0 
12 13 43.8 
19 20 17.0 
14 21 35.6 
21 6 35.6 
21 22 43.8 
22 23 17.0 
24 23 33.6 
23 25 54.4 
26 27 19.0 
28 29 19.0 
29 33 35.6 
32 33 19.0 
33 34 54.4 
31 34 74.6 
34 35 33.6 
30 35 23.4 
35 36 35.6 
37 1 232.2 
[OFFICE]
4
[NEW]
7071 9055 50
1957 9160 45
